波特率 115200 串口发送例子
5A 00 11 22 33 01 05 01 02 03 04 05 00 00 00 00 00 00 00  
00 00 00 00 00 00 00 00 00 00 00 00
00 00 00 00 00 00 00 00 00 00 00 00
00 00 00 00 00 00 00 00 00 00 00 00
00 00 00 00 00 00 00 00 00 00 00 00
00 00 00 00 0D //发送id 11233扩展帧 canfd数据  长度5 数据1 2 3 4 5 

5A 00 11 22 33 00 05 01 02 03 04 05 00 00 00 00 00 00 00  
00 00 00 00 00 00 00 00 00 00 00 00
00 00 00 00 00 00 00 00 00 00 00 00
00 00 00 00 00 00 00 00 00 00 00 00
00 00 00 00 00 00 00 00 00 00 00 00
00 00 00 00 0D //发送id 11233标准帧 canfd数据  长度5 数据1 2 3 4 5 


5A 00 11 22 33 01 40 01 02 03 04 05 06 07 08 09 0A 0B 0C 
0D 0E 0F 10 11 12 13 14 15 16 17 18
19 1A 1B 1C 1D 1E 1F 20 21 22 23 24 
25 26 27 28 29 2A 2B 2C 2D 2E 2F 30
31 32 33 34 35 36 37 38 39 3A 3B 3C
3D 3E 3F 40 0D //发送id 11233扩展帧 canfd数据  长度64 数据1-0x40

5A 00 11 22 33 00 40 01 02 03 04 05 06 07 08 09 0A 0B 0C 
0D 0E 0F 10 11 12 13 14 15 16 17 18
19 1A 1B 1C 1D 1E 1F 20 21 22 23 24 
25 26 27 28 29 2A 2B 2C 2D 2E 2F 30
31 32 33 34 35 36 37 38 39 3A 3B 3C
3D 3E 3F 40 0D //发送id 233标准帧 canfd数据  长度64  数据1-0x40


5A 00 11 22 33 04 08 01 02 03 04 05 06 07 08 00 00 00 00 
00 00 00 00 00 00 00 00 00 00 00 00 
00 00 00 00 00 00 00 00 00 00 00 00 
00 00 00 00 00 00 00 00 00 00 00 00 
00 00 00 00 00 00 00 00 00 00 00 00 
00 00 00 00 0D //发送id 233标准帧 can2.0数据  长度8 数据1 2 3 4 5 6 7 8 


5A 00 11 22 33 05 08 01 02 03 04 05 06 07 08 00 00 00 00 
00 00 00 00 00 00 00 00 00 00 00 00 
00 00 00 00 00 00 00 00 00 00 00 00 
00 00 00 00 00 00 00 00 00 00 00 00 
00 00 00 00 00 00 00 00 00 00 00 00 
00 00 00 00 0D //发送id 112233扩展帧 can2.0数据  长度8 数据1 2 3 4 5 6 7 8




//协议说明
帧头：0x5A (1字节)+ ID:（4字节）+配置（1字节）+数据长度（1字节）+数据（64字节）+帧尾（0x0D）
配置字节说明：bit0 = 1 扩展帧 ，bit0=0 标准帧，bit1=1 远程帧，bit1=0 数据帧，bit2 = 1 can2.0帧，bit2=0 canfd帧

